0
30
56
69
146
240
293
354
556
593
658
799
845
876
925
949
1079
1134
1179
1293
1406
1449
1573
1602
1754
1782
1863
1891
2022
2069
2132
2247
2345
2419
2475
2555
2659
2711
2781
2935
3074
3133
3185
3271
3384
3507
3587
3809
3883
3938
3982
4001
4103
4145
4177
4232
4284
4383
4557
4781
4876
5109
5218
5316
5399
5931
5975
5997
6087
6184
6209
6239
7017
7041
7080
7174
7308
7430
7490
7614
7705
7774
7971
7992
8028
8119
8183
8273
8346
8360
8506
8582
8654
8748
8884
8916
9058
9129
9195
9230
9283
9359
9565
9641
9742
9795
9893
9944
10087
10154
10197
10323
10352
10408
10492
10545
10689
10694
10748
10883
10936
10997
11082
11102
11224
11334
11379
11429
11446
11492
11560
11679
11721
11811
11862
11968
12058
12192
12228
12270
12314
12431
12514
12614
12668
12944
13042
13182
13291
13414
13502
13514
13561
13618
13699
13741
13772
13933
13994
14148
14232
14438
14712
14791
14867
14916
14976
14983
15011
15380
15403
15515
15521
15649
15689
15763
15808
15965
16005
16110
16240
16425
16467
16525
16543
16575
16825
16876
16891
17015
17032
17166
17193
17224
17432
17527
17611
17635
17766
17848
17938
17955
17988
18018
18126
18170
18253
18272
18277
18307
18465
18524
18573
18642
19316
19585
19755
19795
19891
20173
20293
20351
20499
20540
20706
20841
21034
21108
21249
21266
21277
21333
21390
21474
21529
21619
21624
21688
21742
21771
21869
21942
21992
22087
22170
22287
22411
22493
22611
22676
22695
22851
22910
23052
23199
23494
23541
23588
23625
23679
23770
23903
23962
23990
24002
24051
24114
24236
24330
24398
24440
24497
24589
24636
24735
24779
24889
24967
25013
25158
25293
25513
25535
25643
25767
25900
25955
25973
26027
26084
26133
26166
26258
26303
26457
26551
26679
26823
26918
26976
27104
27134
27239
27346
27494
27651
27790
27908
28027
28085
28143
28295
28450
28582
28694
28712
28784
28901
29044
29126
29294
29418
29641
29826
29896
29965
30077
30184
30205
30242
30351
30435
30566
30645
30733
30773
30853
30969
30992
31163
31314
31420
31440
31469
31535
31658
31814
32159
32259
32331
32515
32546
32758
32867
32936
33013
33206
33298
33408
33553
33648
33685
33769
33876
34010
34071
34307
34399
34615
34713
34744
34784
34864
34931
34951
35027
35186
35266
35373
35647
35760
35832
35930
35973
36027
36083
36165
36244
36271
36308
36335
36538
36598
36627
36778
36884
36915
37054
37257
37291
37393
37430
37454
37503
37542
37555
37691
37707
37804
37937
38025
38091
38140
38247
38344
38394
38457
38521
38623
38824
38981
39003
39109
39231
39263
39434
39464
39484
39579
39728
39825
39890
39991
40152
40178
40223
40256
40296
40361
40425
40493
40641
40649
40732
40776
40818
40941
41000
41058
41137
41694
41743
41851
41919
41956
42043
42170
42213
42247
42770
42838
42878
42910
42936
42973
43036
43091
43113
43119
43135
43184
43259
43360
43583
43636
43681
43751
43896
44046
44109
44223
44315
44373
44437
44588
44645
44729
44749
44802
44933
44995
45033
45049
45091
45270
45413
45508
45606
45739
45984
46139
46146
46284
46411
46457
46548
46678
46749
46817
46845
46917
46977
47012
47082
47129
47224
47288
47324
47466
47699
47794
47861
47900
48098
48247
48282
48395
48433
48479
48649
48695
48742
48810
48962
49059
49283
49352
49479
49571
49654
49714
49755
49804
49940
49962
50001
50152
50195
50250
50284
50358
50423
50570
50621
50626
50693
50751
50933
51080
51150
51352
51505
51567
51599
51688
51912
51992
52049
52134
52200
52250
52298
52392
52455
52520
52676
52767
52862
52890
52954
53130
53273
53410
53492
53575
53585
53601
53613
53670
53750
53779
54014
54076
54183
54346
54458
54584
55027
55093
55127
55315
55369
55421
55523
55745
55966
56016
56079
56214
56298
56397
56443
56535
56616
56669
56728
56892
56951
57046
57070
57222
57295
57343
57411
57536
57625
57762
57878
58061
58177
58278
58639
58810
58874
59000
59111
59276
59432
59475
59532
59844
59898
60037
60267
60386
60477
60536
60665
60736
60849
60904
61015
61237
61346
61413
61610
61641
61703
61828
61941
61967
62052
62126
62155
62194
62213
62352
62407
62454
62522
62646
62810
62856
62880
62919
63005
63033
63134
63170
63276
63415
63586
63662
63811
63896
63975
64024
64132
64238
64326
64414
64484
64613
64636
64700
64776
64853
64872
64965
65056
65105
65122
65220
65310
65492
65506
65577
65686
65767
65793
65798
65874
66008
66053
66110
66206
66363
66525
66643
66743
66884
66930
66988
67148
67271
67402
67515
67568
67677
67723
67893
67968
68313
68403
68434
68506
68608
68633
68687
68874
69015
69079
69171
69278
69322
69422
69500
69574
69658
69708
69733
69901
69948
70063
70268
70351
70393
70529
70583
70627
70672
70714
70762
70777
70976
71196
71243
71367
71455
71583
71648
71676
71770
71931
71970
72039
72080
72197
72278
72321
72389
72434
72522
72631
72673
72859
73023
73097
73146
73188
73238
73324
73421
73486
73553
73726
73793
73923
73951
73982
74020
74095
74177
74272
74314
74343
74387
74415
74455
74521
74539
74606
74654
74832
74882
75002
75060
75065
75282
75344
75458
75565
75618
75679
75746
75867
76040
76070
76219
76273
76433
76786
77017
77138
77230
77358
77425
77465
77546
77613
77727
77771
77904
77942
78042
78259
78325
78379
78413
78517
78583
78659
78679
78760
78803
78844
78978
79015
79191
79241
79287
79357
79394
79447
79516
79682
79906
80047
80183
80211
80437
80504
80608
80804
80894
80981
81034
81153
81311
81412
81553
81649
81697
81803
81860
82014
82046
82085
82182
82255
82321
82449
82518
82646
82911
82995
83147
83185
83208
83263
83312
83342
83537
83542
83605
83661
83764
83996
84090
84108
84524
84628
84786
84808
84875
84909
84945
85035
85203
85367
85559
85680
85718
85763
85940
85977
86033
86136
86289
86427
86432
86462
86552
86583
86719
86811
86955
87025
87127
87289
87335
87373
87436
87548
87636
87783
87897
87902
87956
88025
88043
88086
88134
88306
88329
88334
88380
88559
88595
88690
88765
88812
89011
89155
89178
89266
89314
89557
89589
89600
89628
89646
89808
89884
89999
90101
90141
90146
90180
90235
90305
90368
90444
90564
90571
90723
90840
90956
91167
91234
91255
91448
91467
91481
91531
91553
91568
91596
91695
91713
91747
91763
91883
91975
92022
92056
92136
92234
92334
92434
93016
93095
93147
93167
93206
93259
93385
93474
93495
93591
93621
93702
93736
93752
93887
93953
94019
94053
94319
94479
94482
94537
94598
94669
94847
94979
95063
95423
95468
95620
95775
95796
95814
95873
96009
96143
96253
96334
96390
96408
96503
96587
96672
96830
96934
96992
97074
97176
97345
97367
97408
97617
97635
97717
97790
97988
98027
98087
98101
98162
98228
98247
98293
98330
98449
98662
98683
98772
98816
98851
98900
98969
99004
99068
99183
99278
99324
99390
99474
99616
99800
99925
100037
100069
100089
100215
100270
100288
100470
100511
100772
100797
100909
100955
101003
101123
101146
101192
101277
101313
101492
101599
101692
101775
101838
101947
102039
102085
102145
102154
102311
102463
102667
102764
102808
102903
102953
103091
103204
103257
103292
103364
103374
103398
103524
103621
103762
103800
103831
103883
103934
103955
104018
104075
104181
104244
104383
104515
104627
104778
104941
105094
105203
105340
105358
105386
105461
105506
105553
105624
105691
105726
105876
105881
105923
105961
105981
106039
106213
106268
106347
106428
106488
106524
106611
106619
106732
106919
107199
107259
107306
107547
107626
107640
107662
107698
107766
107791
107835
107887
107996
108248
108351
108425
108496
108622
108698
108750
108929
108968
109000
109093
109132
109273
109414
109465
109546
109559
109624
109657
109722
109740
109820
109839
109917
110044
110087
110106
110245
110353
110379
110405
110547
110886
111005
111044
111130
111203
111291
111310
111363
111461
111481
111605
111717
111760
111859
111986
112062
112160
112174
112193
112541
112554
112593
112676
112793
112818
112956
113134
113193
113237
113377
113413
113513
113586
113678
113769
113786
113806
113939
114078
114228
114307
114338
114367
114456
114540
114720
114845
114935
115044
115083
115191
115276
115451
115495
115591
115781
115859
115983
116107
116220
116312
116435
116479
116519
116553
116717
116740
116755
116806
116891
117042
117421
117437
117530
117868
117992
118109
118242
118350
118467
118591
118662
118772
118792
118901
118945
119018
119028
119197
119336
119451
119556
119736
119902
120330
120525
120636
120690
120727
120789
120840
120924
121033
121136
121229
121244
121307
121411
121555
121656
121819
122055
122066
122111
122165
122259
122306
122339
122415
122530
122629
122750
122904
123022
123079
123145
123196
123243
123383
123504
123533
123597
123627
123732
123834
123937
124049
124082
124128
124245
124250
124605
124736
124872
124891
124898
124960
125006
125068
125237
125319
125415
125422
125521
125619
125695
125817
125993
126056
126130
126179
126201
126349
126627
126660
126805
126928
127056
127224
127358
127493
127575
127676
127756
127802
127909
127956
128154
128337
128460
128512
128606
128663
128783
128955
129194
129564
129676
129778
129866
130211
130301
130403
130532
130605
130649
130679
130775
130807
130898
130961
131028
131063
131089
131146
131287
131991
132029
132132
132228
132241
132534
132635
132703
132769
132927
133046
133204
133285
133350
133504
133621
133919
134083
134142
134154
134250
134288
134414
134597
134670
134699
134818
134944
135102
135156
135318
135340
135457
135551
135591
135749
136202
136374
136440
136542
136674
136739
136828
136897
137071
137126
137217
137246
137314
137414
137438
137517
137541
137598
137613
137667
137784
137863
137919
138099
138162
138299
138365
138507
138560
138619
138668
138783
138940
139148
139195
139236
139249
139417
139471
139618
139672
139740
139760
139826
139903
140073
140210
140346
140383
140534
140652
140724
140783
140918
141035
141170
141221
141363
141391
141446
141484
141557
141601
141791
141833
141915
142050
142120
142147
142190
142258
142311
142377
142479
142499
142564
142722
142760
142781
142805
142863
142998
143066
143155
143224
143285
143340
143443
143497
143506
143596
143659
143907
144011
144035
144171
144261
144343
144399
144424
144473
144501
144523
144619
144800
144868
145036
145108
145238
145305
145344
145427
145462
145573
145588
145666
145707
145795
145847
145916
146085
146138
146204
146347
146377
146724
146795
146890
147000
147037
147185
147221
147326
147371
147455
147472
147491
147732
147870
147907
148004
148075
148179
148238
148291
148373
148524
148668
148825
149012
149114
149275
149528
149759
149895
150046
150105
150152
150209
150291
150421
150433
150602
150704
150846
150962
151059
151105
151247
151376
151421
151519
151638
151682
151833
151960
152047
152064
152086
152145
152219
152346
152474
152591
152673
152769
152924
152951
153062
153117
153200
153297
153424
153530
153647
153771
153798
153895
153932
153937
154059
154092
154256
154371
154441
154516
154570
154640
154698
154719
154780
154905
155053
155090
155159
155226
155268
155295
155358
155519
155653
155731
155885
155974
156063
156139
156433
156556
156646
156750
156843
156905
156925
156971
157298
157421
157554
157617
157715
157759
157810
157868
158008
158109
158149
158182
158264
158315
158411
158463
158564
158605
158622
158702
158845
158987
159045
159256
159365
159471
159523
159614
159664
159690
159830
159841
159857
159864
159929
159958
160069
160129
160200
160250
160287
160306
160400
160419
160506
160642
160693
160774
160880
161021
161108
161156
161239
161372
161409
161477
161529
161590
161676
161800
161834
161892
161932
162041
162149
162267
162344
162385
162471
162562
162631
162715
162764
162894
163014
163033
163155
163236
163342
163411
163418
163559
163597
163697
163724
163762
163843
163893
163915
163965
164052
164128
164210
164284
164385
164449
164558
164639
164794
164917
164923
164961
165096
165124
165243
165333
165420
165474
165575
165644
165730
165865
165932
166036
166219
166300
166436
166520
166532
166580
166707
166795
166898
167045
167213
167275
167365
167415
167513
167607
167684
167738
167827
167859
167950
168100
168231
168280
168361
168377
168407
168532
168649
168688
168717
168794
168852
168971
168992
169039
169088
169174
169373
169464
169571
169689
169761
169816
169858
169916
169929
169994
170094
170105
170151
170286
170518
170658
170814
170844
170922
171003
171088
171112
171261
171439
171492
171691
171749
171926
172035
172154
172173
172201
172225
172332
172410
172669
172837
172901
172927
173141
173174
173247
173409
173471
173514
173566
173670
173733
173786
173852
173883
173974
174103
174202
174236
174420
174531
174593
174629
174737
174921
175014
175141
175167
175345
175514
175543
175637
175705
175762
175799
175932
176016
176093
176130
176141
176319
176352
176377
176407
176439
176612
176674
176747
176791
176839
176872
176954
177157
177249
177284
177292
177348
177450
177521
177648
177769
177831
177976
178056
178128
178282
178305
178388
178414
178501
178597
178631
178722
178797
178815
178936
179076
179180
179336
179456
179547
179682
179745
179831
179941
179965
180010
180108
180135
180169
180219
180335
180428
180473
180523
180608
180674
180814
180951
180990
181039
181196
181359
181393
181495
181552
181740
181763
181812
181914
182032
182414
182459
182544
182670
182773
182879
182966
183005
183060
183145
183175
183217
183266
183389
183508
183573
183747
183781
183959
183997
184090
184120
184228
184320
184375
184415
184548
184635
184688
184740
184901
184949
185088
185128
185215
185320
185350
185405
185465
185600
185755
186208
186304
186384
186489
186668
186692
186713
186884
187795
187825
187960
188117
188212
188307
188401
188456
188724
188759
188854
188920
189106
189128
189184
189267
189299
189396
189450
189455
189567
189670
189733
189813
189852
189891
189980
190132
190156
190212
190259
190300
190332
190406
190619
190669
190725
190810
190908
190993
191059
191093
191371
191482
191500
191551
191572
191637
191687
191716
191824
191918
192066
192157
192262
192332
192437
192627
192684
192719
193129
193204
193227
193395
193418
193498
193669
193734
193825
193893
194103
194165
194373
194426
194497
194563
194679
194713
194732
194774
194825
194896
195194
195252
195318
195381
195461
195601
195691
195721
195744
195825
195913
195992
196058
196080
196094
196221
196287
196308
196424
196498
196777
196818
196875
196979
197086
197170
197301
197408
197508
197646
197747
197770
197887
198143
198252
198399
198422
198527
198641
198727
198943
199086
199186
199373
199427
199590
199607
199735
199763
199847
199886
199946
200015
200027
200036
200215
200330
200348
200427
200459
200593
200725
200837
200887
200902
201040
201060
201170
201261
201358
201467
201508
201571
201579
201670
201763
201833
201866
201917
202023
202149
202274
202355
202452
202593
202678
202759
203279
203369
203486
203581
203605
203730
203875
203974
204106
204179
204221
204330
204850
204869
204999
205129
205159
205243
205421
205493
205563
205601
205634
205793
205873
205931
206043
206214
206238
206301
206408
206478
206534
206563
206690
206723
206771
206880
207042
207156
207415
207495
207523
207582
207645
207714
207808
207900
207962
208091
208156
208234
208419
208506
208608
208678
208708
208849
208931
209008
209052
209109
209246
209316
209354
209373
209523
209613
209677
209744
209888
209989
210024
210116
210225
210267
210387
210525
210674
210727
210779
210973
211019
211098
211232
211320
211380
211521
211593
211613
211657
211708
211723
211817
212015
212050
212152
212249
212258
212292
212472
212545
212605
212889
212935
213000
213033
213090
213162
213212
213258
213296
213379
213565
213708
213736
213843
213866
213944
213975
214041
214103
214108
214113
214118
214156
214258
214365
214441
214524
214573
214639
214681
214738
214788
214830
215080
215154
215279
215322
215389
215461
215587
215710
215812
215914
216100
216172
216317
216379
216415
216453
216608
216710
216766
216818
216850
217004
217012
217064
217121
217144
217297
217373
217384
217413
217427
217441
217520
217674
217718
217839
217880
217926
218108
218129
218333
218457
218535
218602
218679
218746
218876
219068
219276
219356
219379
219486
219593
219604
219691
219749
219873
220135
220235
220319
220413
220496
220514
220658
220687
220761
220794
220810
220926
220977
221055
221159
221253
221366
221425
221594
221643
221716
221790
221959
222019
222092
222106
222168
222219
222354
222533
222654
222702
222794
222888
223035
223108
223255
223381
223493
223552
223738
223780
223836
223891
223934
224046
224127
224162
224292
224344
224397
224477
224535
224631
224758
224892
224956
225002
225158
225214
225249
225324
225370
225767
225882
226004
226176
226259
226353
226472
226513
226527
226779
226850
226957
227030
227063
227168
227255
227415
227535
227589
227659
227702
227834
227972
228100
228276
228405
228464
228575
228625
228699
228863
228881
228975
229208
229253
229354
229774
229896
229917
229953
229975
230076
230188
230235
230285
230407
230447
230593
231023
231072
231156
231286
231379
231669
231995
232164
232294
232406
232542
232641
232709
232851
232889
233046
233174
233309
233363
233375
233416
233489
233735
233846
233930
234091
234372
234482
234573
234604
234689
234748
234821
234903
234939
235000
235049
235171
235208
235266
235343
235419
235484
235605
235679
235790
235966
236044
236114
236197
236272
236801
236880
236917
237257
237304
237536
237559
237674
237784
237865
237926
238000
238065
238156
238296
238439
238506
238550
238641
238663
238717
238890
238961
238973
239017
239113
239208
239349
239433
239582
239781
240178
240199
240242
240310
240376
240478
240571
240683
240788
240854
240891
241026
241141
241317
241445
241586
241728
241756
241907
241963
242052
242074
242215
242315
242357
242388
242719
242815
242873
243010
243131
243277
243446
243469
243587
243648
243748
243893
244080
244221
244435
244615
244687
244733
244874
244966
245042
245109
245204
245296
245355
245399
245469
245570
245675
245739
245815
245880
245898
245937
246045
246131
246175
246197
246229
246313
246369
246537
246562
246614
246665
246741
246815
246888
246953
247136
247171
247218
247297
247405
247431
247534
247552
247668
247737
247858
247915
247983
248050
248293
248417
248521
248603
248688
248762
248785
248854
249028
249152
249198
249276
249312
249407
249637
249723
249778
249964
250079
250205
250257
250297
250448
250605
250640
250657
250701
250754
250811
250954
251016
251040
251183
251248
251312
251378
251454
251505
251675
251687
251733
251789
251958
251986
252031
252147
252173
252272
252327
252443
252508
252577
252659
252717
252846
252898
252920
253049
253075
253129
253175
253244
253269
253313
253378
253467
253545
253563
253648
253764
253790
253806
253833
253915
254024
254042
254125
254209
254298
254407
254493
254566
254639
254691
254748
254785
254797
254882
254936
255069
255103
255125
255221
255391
255548
255674
255797
255857
255953
256296
256404
256549
256660
256795
256883
256919
256985
257065
257099
257162
257240
257357
257388
257451
257574
257606
257701
257751
257809
257877
257970
257993
258030
258196
258339
258423
258460
258589
258624
258691
258868
259008
259123
259244
259330
259364
259472
259563
259611
259714
259768
259837
259897
260080
260189
260265
260291
260378
260450
260618
260879
261007
261023
261167
261270
261393
261432
261470
261641
261783
261830
261899
262034
262164
262191
262291
262379
262452
262529
262656
262723
262771
262899
263033
263122
263179
263349
263421
263539
263691
263792
263939
263971
264024
264078
264175
264220
264343
264419
264534
264633
264934
265104
265108
265117
265177
265256
265298
265322
265363
265389
265404
265445
265512
265619
265656
265761
265793
265911
265930
266011
266154
266256
266317
266335
266485
266508
266564
266653
267039
267150
267176
267191
267260
267289
267392
267450
267566
267620
267678
267782
267912
267985
268046
268178
268337
268403
268432
268448
268596
268749
268774
268952
268961
269096
269378
269484
269507
269574
269703
269812
269887
269938
270049
270227
270289
270343
270360
270421
270481
270505
270574
270646
270779
270842
270917
270944
271035
271754
271811
271860
271990
272130
272193
272269
272339
272537
272550
272594
272631
272710
272715
272837
272873
272878
272887
272921
273100
273161
273235
273299
273583
273611
273668
274013
274076
274310
274461
274579
274607
274756
274785
274903
275196
275227
275512
275654
275915
275932
276080
276137
276269
276334
276529
276558
276607
276684
276792
276833
276973
277046
277182
277280
277309
277758
277816
277871
277930
278075
278118
278276
278341
278447
278473
278602
278918
279005
279159
279580
279707
279750
279918
279988
280062
280259
280469
280575
280666
280746
280874
280935
280999
281014
281112
281285
281581
281619
281757
281833
281875
281913
281998
282067
282139
282174
282279
282469
282494
282518
282575
282690
282728
282755
282801
282841
282924
283048
283062
283212
283269
283372
283393
283595
283622
283683
283696
283725
283819
283895
283962
284019
284114
284146
284156
284206
284360
284403
284549
284625
284693
284738
284796
284903
284962
284993
285130
285200
285267
285319
285405
285494
285573
285797
285925
286034
286120
286192
286252
286275
286316
286385
286460
286556
286663
286750
286892
286971
287006
287114
287238
287284
287447
287534
287579
287653
287710
287805
288026
288155
288274
288313
288371
288481
288586
288681
288706
288713
288809
288934
288976
289164
289271
289347
289454
289546
289592
289704
289787
289930
289958
290004
290048
290112
290165
290498
290615
290761
290890
290943
291406
291560
291755
291860
291913
292077
292118
292137
292226
292323
292493
292596
292669
292743
292816
292881
293008
293075
293080
293120
293201
293252
293350
293461
293605
293677
293695
293735
293794
293839
293955
293987
294032
294105
294137
294181
294305
294320
294417
294447
294561
294729
294816
294894
295015
295080
295158
295383
295436
295520
295650
295663
295802
295937
296010
296095
296171
296195
296344
296347
296473
296730
296837
296895
296951
297027
297079
297194
297297
297389
297439
297522
297604
297673
297755
297903
297967
298004
298036
298072
298099
298154
298257
298345
298464
298557
298618
298642
298692
298731
298782
298865
298940
299059
299110
299192
299267
299292
299356
299436
299492
299520
299577
299638
299724
300025
300106
300160
300217
300303
300351
300433
300563
300606
300727
300870
300987
301104
301231
301277
301348
301411
301503
301544
301651
301693
301719
301794
301918
302105
302131
302174
302221
302270
302324
302392
302474
302560
302604
302705
302800
302909
302952
303015
303168
303195
303277
303339
303355
303397
303542
303594
303656
303824
303945
304073
304323
304427
304450
304466
304501
304565
304598
304640
304706
304774
304789
304805
304865
304891
305049
305114
305325
305367
305414
305494
305518
305590
305599
305658
305718
305828
305903
305970
306026
306100
306205
306261
306302
306439
306682
306810
306927
307082
307130
307229
307297
307601
307662
307974
308197
308330
308404
308490
308544
308688
308699
308775
308804
308880
309023
309109
309337
309364
309402
309533
309590
309618
309651
309731
309800
309878
309955
310029
310482
310522
310557
310616
310639
310701
310766
310858
310889
310894
310959
311000
311093
311262
311458
311608
311659
311791
311890
312160
312207
312850
312874
312993
313020
313139
313199
313274
313349
313373
313418
313518
313553
313613
313774
313856
313876
313892
313904
314065
314115
314178
314263
314435
314443
314593
314720
314740
314827
314912
315010
315166
315271
315373
315498
315642
315709
315797
315855
315969
316094
316126
316203
316261
316462
316571
316625
316732
316773
317219
317304
317372
317475
317596
317639
317777
317884
318077
318155
318195
318259
318705
318730
318815
318957
319036
319215
319383
319430
319506
319692
319758
319865
319953
319997
320040
320074
320100
320174
320268
320334
320477
320592
320648
320741
320827
320978
320989
321072
321235
321436
321547
321622
321645
321726
321830
321991
322046
322096
322236
322432
322437
322472
322511
322554
322607
322688
322755
322791
322829
322870
322897
323248
323296
323408
323467
323526
323569
323578
323673
323744
323749
323875
323894
323955
323985
324031
324098
324298
324427
324545
324649
324748
324872
324888
324900
324933
324975
325605
325717
325813
325933
325997
326031
326270
326293
326316
326403
326451
326579
326598
326711
326732
326773
326885
326911
327000
327166
327253
327274
327352
327527
327822
327994
328020
328033
328186
328480
328580
328635
328655
328705
329335
329429
329463
329514
329919
329929
329934
329986
330094
330103
330175
330218
330343
330378
330383
330443
330486
330530
330547
330587
330727
330795
330807
330887
331004
331032
331184
331220
331252
331294
331452
331617
331878
331958
332037
332042
332079
332174
332230
332266
332356
332522
332629
332694
332782
332999
333093
333348
333464
333528
333617
333662
333886
333963
334001
334110
334264
334386
334458
334525
334699
334803
334857
334895
335019
335205
335246
335298
335447
335494
335586
335650
335893
335957
335981
336117
336234
336339
336550
336629
336854
336907
336980
337029
337166
337179
337292
337346
337417
337541
337671
337691
337745
337779
337798
337884
337940
337974
338101
338165
338236
338360
338393
338503
338557
338621
338740
338757
338881
339036
339192
339234
339259
339325
339364
339386
339433
339445
339588
339649
339713
339758
339812
339839
339903
340282
340342
340384
340410
340463
340529
340623
340693
340719
341011
341067
341154
341207
341287
341340
341441
341650
341712
341935
342089
342173
342247
342401
342473
342555
342621
342648
342693
343010
343039
343297
343425
343556
343637
343746
343817
343894
344019
344040
344099
344244
344392
344405
344453
344545
344637
344718
344732
344989
345059
345134
345196
345312
345489
345521
345624
345727
345820
345946
345991
346019
346088
346153
346211
346260
346418
346449
346526
346601
346730
346828
346876
347026
347756
347816
347864
347984
348063
348176
348223
348313
348424
348533
348554
348592
348714
348918
348995
349106
349168
349258
349287
349389
349495
349629
349767
349804
349887
350033
350184
350258
350298
350345
350428
350461
350607
351267
351320
351372
351481
351659
351706
351815
351831
351861
352000
352033
352084
352403
352445
352597
352616
352659
352728
352774
352895
353009
353302
353441
353496
353604
353668
353726
353781
353828
353905
353920
353977
354012
354038
354177
354258
354325
354359
354408
354500
354603
354619
354670
354735
354764
354877
354937
355168
355322
355428
355489
355590
355619
355691
355748
355858
355945
356011
356158
356227
356294
356361
356410
356513
356612
356617
356712
356919
357154
357202
357251
357347
357405
357494
357611
357633
357748
357869
357911
357975
357989
358061
358119
358127
358267
358407
358433
358569
358610
359277
359358
359420
359518
359547
359578
360114
360162
360193
360263
360307
360403
360543
360692
360705
360720
360940
360980
361007
361127
361760
361867
362045
362208
362271
362381
362398
362539
362626
362651
362721
362746
362890
362916
362952
363005
363111
363140
363302
363394
363450
363603
363659
363719
363785
363868
363947
363991
364090
364154
364288
364371
364534
364602
364704
364763
364849
364958
365039
365055
365085
365232
365291
365423
365527
365696
365764
365855
365882
365946
365993
366198
366367
366441
366513
366622
366909
366978
366993
367083
367249
367328
367368
367409
367527
367584
367610
367615
367736
367828
367927
367966
368034
368053
368118
368190
368262
368375
368453
368553
368810
368953
369058
369211
369281
369323
369444
369680
369747
369763
369847
369943
369992
370287
370335
370386
370677
370762
370797
370906
370945
371052
371102
371330
371427
371491
371557
371587
371732
371787
371965
372035
372187
372253
372296
372373
372443
372507
372584
372697
372744
372835
372877
372996
373031
373288
373330
373374
373448
373504
373539
373579
373872
373923
373967
374061
374102
374409
374525
374597
374736
374796
374832
374911
374949
374981
375006
375096
375111
375140
375183
375256
375354
375527
375622
375709
375870
375924
375976
376026
376200
376280
376295
376351
376385
376454
376515
376581
376640
376654
376695
376721
376741
376796
376817
376825
376903
376937
376981
377134
377178
377388
377547
377706
377731
377894
378004
378071
378141
378291
378315
378383
378404
378459
378972
379170
379327
379366
379450
379585
379671
379747
379882
380030
380118
380173
380307
380468
380612
380658
380794
380828
380854
380942
381031
381065
381146
381192
381239
381394
381434
381452
381532
381592
381711
381763
381897
381945
381965
382017
382074
382178
382278
382355
382450
382532
382572
382681
382728
382864
383047
383149
383270
383368
383460
383584
383642
383724
383768
383941
384060
384174
384196
384262
384304
384325
384377
384467
384514
384547
384568
384605
384681
384704
384772
384869
384918
384985
385050
385168
385179
385312
385358
385410
385531
385645
385701
385818
385874
386028
386107
386163
386194
386241
386351
386397
386558
386718
386834
386928
387138
387164
387250
387262
387323
387349
387374
387575
387621
387657
387700
388065
388079
388223
388318
388435
388581
388637
388703
388789
388927
388954
389014
389054
389150
389253
389530
389580
389622
389698
389783
389833
389927
390068
390100
390163
390199
390244
390307
390350
390406
390452
390690
390717
390803
390832
390874
390942
390989
391069
391091
391360
391492
391517
391603
391684
391710
391767
391826
391859
391959
392016
392128
392177
392194
392255
392335
392446
392526
392569
392866
392968
392978
393061
393172
393213
393226
393434
393481
393548
393563
393582
393729
393750
393855
393964
394001
394037
394084
394164
394215
394242
394319
394376
394459
394486
394513
394647
394756
394881
394897
394998
395073
395178
395226
395305
395423
395480
395505
395577
395664
395859
395950
395982
396033
396200
396230
396303
396433
396537
396573
396657
396698
396899
396913
397026
397073
397151
397451
397520
397610
397636
397702
397793
398025
398096
398133
398200
398332
398432
398531
398576
398629
398649
398801
398883
398908
398913
398963
399017
399260
399329
399381
399525
399552
399574
399639
399726
399774
399844
399915
399999
400056
400174
400220
400257
400358
400459
400731
400827
400865
400911
400967
401076
401161
401276
401444
401494
401565
401666
401759
401806
401917
401994
402063
402128
402159
402318
402428
402564
402697
402748
402839
402865
402919
402972
403032
403115
403168
403203
403317
403405
403439
403452
403464
403533
403576
403690
403712
403816
403906
403948
403984
404095
404143
404421
404510
404598
404678
404744
404808
404861
404918
404967
405021
405100
405193
405243
405396
405533
405756
405922
406004
406059
406124
406203
406256
406377
406516
406548
406660
406786
406827
406832
407101
407133
407196
407369
407420
407570
407633
407650
407729
407795
407825
407919
407972
408036
408082
408222
408343
408368
408415
408494
408511
408741
408798
408911
408916
408937
408962
409038
409085
409103
409133
409289
409378
409452
409629
409724
409741
409845
409862
409906
409926
409937
409962
410200
410336
410624
410648
410670
410716
410805
410840
410879
410974
410993
411078
411122
411205
411503
411521
411585
411696
411716
411823
411846
411861
411930
411948
411980
412124
412155
412229
412279
412326
412433
412808
412862
412962
413014
413154
413377
413512
413541
413572
413614
413650
413683
413746
413815
413920
413995
414105
414258
414319
414425
414442
414528
415075
415165
415286
415358
415367
415502
415597
415614
415760
415881
415922
415950
416062
416209
416242
416314
416470
416559
416632
416644
416717
416798
416840
416879
416894
416943
417002
417087
417162
417318
417431
417569
417657
417738
417801
417872
417906
417990
418098
418178
418283
418388
418479
418555
418661
418818
418826
418855
418988
419060
419131
419200
419527
419710
419838
419874
419998
420166
420291
420321
420374
420447
420520
420543
420584
420644
420680
420777
420874
421030
421058
421100
421144
421180
421838
421865
421894
422034
422072
422186
422372
422407
422485
422560
422643
422741
422833
422939
423023
423101
423123
423243
423294
423367
423513
423713
423742
423799
423813
423947
423988
424061
424294
424344
424427
424585
424643
424723
424772
424859
424927
425234
425292
425375
425475
425532
425598
425773
425815
425864
425936
425975
425998
426032
426168
426277
426361
426496
426517
426648
426720
426893
426959
427047
427105
427133
427217
427250
427304
427353
427388
427498
427607
427826
427963
428050
428206
428218
428275
428323
428421
428495
428619
428741
428861
428947
429070
429234
429293
429344
429361
429414
429500
429546
429571
429706
429949
430037
430097
430139
430187
430244
430276
430319
430366
430478
430522
430573
430621
430859
431000
431070
431139
431192
431427
431462
431504
431528
431601
431658
431700
431801
431893
432089
432105
432244
432371
432381
432411
432470
432614
432775
432823
433045
433142
433172
433184
433322
433397
433538
433666
433723
433745
433864
433937
433981
434027
434063
434095
434249
434277
434377
435275
435326
435351
435418
435433
435497
435520
435718
435754
435825
435886
436101
436160
436254
436272
436352
436549
436594
436674
436798
436892
436939
437048
437110
437217
437296
437340
437471
437535
437731
437798
437814
437858
437907
437960
438077
438171
438304
438404
438466
439126
439171
439218
439356
439448
439512
439524
439590
439642
439733
439928
440163
440341
440454
440943
440961
441025
441050
441168
441192
441265
441305
441415
441460
441480
441685
441749
441795
441806
441871
441946
441995
442104
442262
442290
442409
442465
442501
442569
442613
442725
442774
442812
442891
443043
443055
443136
443206
443233
443327
443395
443463
443602
443804
443854
443880
443939
443969
443979
444024
444140
444300
444361
444380
444562
444606
444632
444687
444703
444795
445053
445197
445259
445310
445448
445468
445607
445627
445645
445766
445778
445868
445936
446010
446060
446136
446168
446277
446382
446462
446606
446711
446873
446947
447019
447034
447075
447105
447121
447181
447225
447326
447338
447396
447441
447497
447575
447635
447693
447820
447864
447931
448001
448139
448184
448248
448376
448471
448672
448761
448836
448913
449085
449104
449283
449306
449391
449445
449542
449603
449643
449703
449776
450055
450175
450262
450306
450418
450430
450652
450669
450787
450847
450917
451056
451101
451152
451212
451329
451395
451421
451454
451486
451536
451600
451656
451782
451821
451884
451959
452059
452107
452197
452226
452310
452361
452462
452534
452673
452753
452799
452964
453004
453033
453091
453136
453196
453232
453322
453345
453444
453548
453723
453783
453846
453863
453909
453949
453973
454013
454059
454090
454182
454242
454294
454370
454405
454459
454559
454607
454652
455090
455113
455152
455211
455344
455420
455464
455553
455580
455615
455758
455873
456008
456256
456354
456441
456496
456551
456825
456871
457107
457193
457268
457344
457444
457508
457556
457669
457833
457913
458082
458150
458178
458291
458388
458459
458540
458705
458798
458913
459012
459080
459126
459219
459346
459400
459494
459559
459648
459721
459849
459873
459906
459930
460038
460219
460301
460393
460451
460527
460569
460680
460760
460814
460846
460944
460963
461007
461035
461164
461297
461332
461349
461396
461413
461451
461470
461612
461741
461863
461917
461974
462177
462264
462303
462326
462356
462369
462414
462486
462621
462669
462712
462759
462848
462912
462933
463243
463305
463466
463530
463584
463725
463837
463920
463935
463975
464017
464165
464235
464371
464395
464450
464552
464614
464642
464711
464778
464930
465104
465158
465178
465195
465278
465361
465441
465479
465508
465594
465643
465704
465767
465854
465894
465942
466051
466214
466246
466359
466508
466524
466575
466621
466697
466795
466806
466811
466870
467196
467273
467469
467479
467648
467686
467691
467752
467772
467777
467822
467893
467924
467983
468497
468517
468597
468690
468749
469211
469228
469279
469383
469437
469454
469582
469666
469818
469839
469901
470001
470056
470104
470121
470164
470218
470264
470349
470522
470609
470667
470686
470756
470815
470843
470999
471067
471081
471397
471435
471520
471607
471624
471780
471882
472008
472032
472225
472273
472379
472416
472565
472627
472741
472843
472907
472961
472989
473063
473114
473187
473258
473311
473544
473634
473767
473844
473946
473970
473990
474151
474161
474195
474231
474283
474421
474477
474568
474622
474760
474823
474838
474921
474999
475076
475114
475466
475563
475639
475723
475834
475882
475961
476018
476053
476164
476359
476404
476429
476551
476679
476786
476955
477065
477094
477182
477237
477299
477506
477563
477625
477697
477866
477996
478056
478087
478105
478155
478555
478604
478735
478848
478952
479019
479091
479180
479215
479249
479369
479430
479472
479569
479607
479776
479856
479881
479977
480443
480517
480637
480769
480914
480989
481037
481185
481241
481286
481467
481531
481594
481769
481891
482048
482125
482210
482347
482395
482460
482493
482639
482812
482870
482954
483023
483044
483182
483254
483273
483320
483395
483412
483439
483482
483613
483730
483895
484043
484154
484225
484345
484397
484626
484711
484740
484768
484826
484856
484918
484948
484983
485053
485112
485224
485289
485357
485433
485594
485670
485747
485811
485834
485900
486052
486128
486199
486267
486364
486427
486551
486592
486638
486742
486863
486988
487069
487157
487388
487496
487541
487602
487638
487736
487804
487855
487940
488081
488235
488305
488326
488364
488443
488492
488632
488704
488899
488907
488973
489118
489216
489370
489470
489611
489805
489912
489983
490066
490105
490228
490267
490307
490384
490453
490468
490787
491048
491134
491297
491365
491420
491531
491627
491759
491793
491959
492013
492236
492269
492376
492442
492483
492529
492597
492675
492730
492932
493023
493050
493251
493410
493523
493584
493677
493788
493906
493937
493968
494040
494091
494201
494270
494346
494541
494612
494659
494764
494895
494927
495024
495053
495190
495227
495348
495391
495474
495561
495605
496052
496156
496320
496348
496383
496486
496550
496660
496677
496753
497174
497208
497301
497318
497383
497889
498129
498138
498268
498408
498556
498590
498641
498683
498742
498829
498927
499099
499116
499397
499528
499620
499689
499729
499784
499887
499930
499984
500064
500089
500221
500476
500606
500721
500813
500844
500890
500928
500998
501057
501124
501129
501196
501289
501393
501442
501494
501582
501770
501909
501942
502073
502133
502149
502228
502242
502351
502479
502544
502593
502771
502877
502902
503007
503102
503145
503208
503248
503291
503377
503521
503598
503737
503825
503920
504044
504159
504164
504229
504241
504373
504464
504680
504689
504866
504941
505048
505097
505166
505191
505203
505271
505346
505438
505487
505537
505984
506055
506141
506163
506215
506312
506388
506499
506533
506575
506608
506666
506922
506937
507156
507323
507339
507414
507505
507623
507660
507679
507771
507847
507930
507983
508011
508121
508208
508292
508432
508583
508642
508712
508794
508838
508987
509088
509297
509340
509518
509615
509704
509762
509854
509905
510380
510444
510486
510581
510745
510818
510857
510984
511015
511115
511177
511220
511273
511392
511462
511516
511575
511726
511780
511824
511929
511965
512034
512091
512187
512258
512299
512372
512505
512549
512619
512662
512732
512830
512948
513003
513076
513224
513303
513378
513431
513517
513599
513643
513700
513799
513818
513871
513958
514037
514089
514171
514246
514721
514791
514817
514896
515006
515037
515124
515212
515237
515329
515382
515549
515574
515681
515753
515763
515910
515986
516021
516098
516180
516317
516411
516737
516782
516804
516833
516922
517037
517465
517596
517619
517665
517740
517842
517893
517943
518609
518714
518869
518903
518966
519072
519092
519216
519285
519347
519514
519631
519743
519868
519902
519991
520198
520309
520381
520632
520958
520963
521026
521063
521154
521242
521332
521406
521446
521620
521684
521787
521939
522113
522267
522318
522385
522540
522628
522703
522723
522837
522957
522996
523163
523311
523358
523457
523476
523617
523675
523756
523782
523836
523857
523955
524071
524136
524220
524311
524364
524404
524476
524517
524569
524590
524647
524701
524777
524807
524945
525005
525070
525124
525175
525201
525210
525267
525379
525519
525572
525685
525739
525777
526017
526071
526151
526320
526374
526458
526519
526655
526753
527419
527563
527579
527619
527692
527739
528001
528060
528077
528215
528313
528405
528422
528469
528557
528712
528812
528895
528917
529027
529099
529128
529221
529258
529313
529452
529475
529507
529616
529861
529963
530032
530108
530174
530280
530405
530543
530612
530721
530868
530930
531025
531095
531223
531397
531724
531887
531949
532091
532367
532590
532692
532877
532937
532999
533071
533203
533319
533413
533554
534161
534328
534481
534902
534973
535139
535226
535288
535379
535472
535504
535789
535922
536032
536189
536291
536322
536452
536463
536551
536606
536773
536860
536933
537045
537126
537161
537314
537390
537604
537760
537817
537866
537992
538054
538075
538122
538189
538281
538330
538444
538658
538692
538822
538928
539146
539187
539259
539398
539491
539603
539668
539824
539865
539926
540070
540310
540387
540490
540526
540668
540887
541261
541316
541374
541468
541494
541523
541600
541631
541753
541838
541854
541891
541985
542027
542084
542127
542232
542305
542340
542408
542419
542495
542612
542663
542812
542930
543017
543085
543125
543270
543329
543393
543638
543751
543854
543952
543975
544032
544167
544267
544355
544416
544593
544629
544812
544882
544916
545003
545049
545237
545323
545423
545576
545714
545823
545957
546033
546147
546207
546220
546257
546313
546373
546525
546568
546727
546886
546951
547038
547124
547152
547231
547260
547332
547389
547441
547541
547743
548013
548083
548193
548231
548264
548399
548526
548571
548619
548656
548719
548739
548839
548877
548988
548992
549803
549836
549859
549881
